1000
0	711.5122364	0
1	-71.96348153	-0.04160325017
2	-18.1511262	-118.7616821
3	-8.138490777	0.1763292678
4	-4.377771343	0.04164535244
5	-2.88388862	-2.54008473e-09
6	-1.874428555	-0.04170160059
7	-1.599945073	-0.1768060878
8	-1.255251058	0.1769855319
9	-0.7615175107	0.04182872246
10	-0.7211500786	-2.027040142e-09
11	-0.4669477408	-0.0419423355
12	-0.6301582788	-0.1779484428
13	-0.5563201294	0.178251397
14	-0.2383042031	0.04215691452
15	-0.3206429893	-2.337013304e-09
16	-0.1515650847	-0.04233014824
17	-0.3802618786	-0.1797193526
18	-0.3536292731	0.1801518657
19	-0.068714455	0.04263652568
20	-0.1804655742	-7.853818448e-10
21	-0.03176074506	-0.04287280758
22	-0.2815293215	-0.1821544702
23	-0.2692736147	0.1827253965
24	0.007797720652	0.04327723965
25	-0.1155835196	1.240947188e-09
26	0.02724876694	-0.04358152476
27	-0.2337597989	-0.1853045429
28	-0.2273465188	0.1860260152
29	0.04974469785	0.04409263332
30	-0.08033902124	-1.381895503e-08
31	0.06161486528	-0.04447157629
32	-0.2081287113	-0.1892379397
33	-0.2045719187	0.1901261208
34	0.07620552597	0.04510078656
35	-0.05908777694	6.831487897e-11
36	0.08436503423	-0.04556309928
37	-0.1938794533	-0.1940448374
38	-0.1919261258	0.195120805
39	0.0949396293	0.04632536386
40	-0.04529497501	-4.567422452e-10
41	0.1011652893	-0.04688240472
42	-0.1863002321	-0.1998426119
43	-0.1853596068	0.2011337637
44	0.1096291473	0.04779713362
45	-0.03583876032	-1.411509559e-09
46	0.1148480018	-0.04846367498
47	-0.1831106755	-0.206783782
48	-0.1828853912	0.2083257467
49	0.1222542085	0.0495561144
50	-0.02907485931	4.164357789e-09
51	0.1270103389	-0.05035134048
52	-0.18315494	-0.2150672709
53	-0.1834948517	0.216906732
54	0.1340154057	0.05165464865
55	-0.0240704244	6.669546631e-10
56	0.138671233	-0.05260390427
57	-0.1858666719	-0.2249547755
58	-0.1867057022	0.227153531
59	0.1457443493	0.05416186994
60	-0.02026422249	-3.148887238e-09
61	0.1505796829	-0.05529898579
62	-0.1910349047	-0.2367950698
63	-0.1923633029	0.2394363276
64	0.1581135093	0.05717060077
65	-0.01730218962	2.86375942e-09
66	0.1633829464	-0.05854145959
67	-0.1987053064	-0.2510609773
68	-0.2005598299	0.2542587608
69	0.1717651657	0.06080762498
70	-0.01495199097	-1.905895669e-08
71	0.1777403509	-0.06247584731
72	-0.2091554643	-0.2684073422
73	-0.2116212074	0.2723218621
74	0.1874150136	0.06525027532
75	-0.01305605919	2.613105486e-09
76	0.1944272909	-0.06730658131
77	-0.2229259372	-0.2897653806
78	-0.226149472	0.2946284668
79	0.2059666199	0.07075385913
80	-0.01150446001	3.823307365e-09
81	0.214463841	-0.07333176445
82	-0.2409146	-0.3165028204
83	-0.2451329923	0.3226622735
84	0.2286752626	0.07769895583
85	-0.01021862384	-6.052085675e-10
86	0.2393141528	-0.08100319978
87	-0.2645715403	-0.3507107009
88	-0.2701700627	0.3587125339
89	0.2574265977	0.08667844255
90	-0.009141168606	-1.117247063e-08
91	0.2712431777	-0.09103921889
92	-0.2962884016	-0.3957508369
93	-0.3039180077	0.4065027214
94	0.2952703039	0.09866850571
95	-0.008229408276	-1.910435255e-09
96	0.3140295555	-0.1046545278
97	-0.340216863	-0.4573899747
98	-0.3510526302	0.4725181265
99	0.3475587368	0.1153972004
100	-0.007451057073	-1.246756228e-09
101	0.3745603265	-0.1240768979
102	-0.4041638896	-0.5464134116
103	-0.4205447194	0.5691438368
104	0.4247042952	0.1402391954
105	-0.006781314757	9.530108018e-10
106	0.466935947	-0.1538802235
107	-0.5046529743	-0.6855945729
108	-0.5319608728	0.7233402774
109	0.5500999204	0.180788743
110	-0.006200902647	-4.404100462e-08
111	0.625365421	-0.2051736486
112	-0.6836717265	-0.9327485567
113	-0.7375231014	1.007007842
114	0.789634575	0.2584493078
115	-0.005694628556	-8.088080637e-10
116	0.9600384374	-0.3137553258
117	-1.08823014	-1.490236309
118	-1.238716898	1.697485748
119	1.428778325	0.4659715989
120	-0.00525040321	3.450601834e-09
121	2.132028631	-0.6944173218
122	-2.845514133	-3.909511381
123	-4.252038558	5.84553397
124	8.462188227	2.751134492
125	-0.004858509732	-9.486832978
126	-8.418872966	2.733902706
127	4.189277242	5.77253453
128	2.782738706	-3.836504735
129	-2.0887243	-0.6771804053
130	-0.004511053549	-1.291463518e-09
131	-1.385488701	0.4487278746
132	1.175828206	1.624421407
133	1.025298807	-1.417150323
134	-0.9167823895	-0.2964962562
135	-0.004201579881	-1.255491743e-09
136	-0.7464089758	0.2411765895
137	0.6743627135	0.9338061959
138	0.6204392068	-0.8595107103
139	-0.582198446	-0.1878752997
140	-0.003924765707	-1.928902913e-09
141	-0.5069813275	0.1634698347
142	0.468378326	0.649928209
143	0.4409671383	-0.61213157
144	-0.4239052305	-0.1365252128
145	-0.003676183681	3.203781759e-09
146	-0.3817433471	0.1228566012
147	0.3563796527	0.4954472014
148	0.3398619106	-0.4726508418
149	-0.3317228276	-0.1066476381
150	-0.003452144119	8.138852401e-09
151	-0.3048174478	0.09793321617
152	0.2861304216	0.3984613386
153	0.2751206427	-0.3832519317
154	-0.2714562464	-0.08713299403
155	-0.003249533195	-8.557315608e-10
156	-0.2528266634	0.08110493233
157	0.238044306	0.332008361
158	0.2301988806	-0.3211595164
159	-0.2290243988	-0.07340693347
160	-0.003065719975	-1.891832668e-09
161	-0.2153805865	0.06899655943
162	0.2031238527	0.2837009313
163	0.197261346	-0.2755858648
164	-0.1975667761	-0.06324110185
165	-0.002898464104	-8.81427379e-10
166	-0.1871568798	0.05987947006
167	0.1766573473	0.247051064
168	0.1721182464	-0.2407615303
169	-0.1733409603	-0.05542015177
170	-0.002745850188	3.844430573e-08
171	-0.1651470064	0.0527767343
172	0.155939011	0.2183320655
173	0.1523264372	-0.2133213747
174	-0.1541318605	-0.04922489868
175	-0.002606227327	4.368935825e-09
176	-0.1475220752	0.04709462168
177	0.1393044689	0.19525101
178	0.1363654151	-0.1911705236
179	-0.1385446468	-0.04420263469
180	-0.002478186471	-5.950136408e-10
181	-0.1331062908	0.04245155282
182	0.1256739468	0.1763198561
183	0.1232395447	-0.1729368076
184	-0.1256572775	-0.04005415565
185	-0.002360485404	2.38116848e-09
186	-0.1211092885	0.03859112158
187	0.1143164164	0.1605308347
188	0.1122697102	-0.1576839475
189	-0.1148357823	-0.0365738472
190	-0.002252065334	1.640475417e-08
191	-0.110980202	0.03533462419
192	0.1047194723	0.14717728
193	0.1029768942	-0.144751284
194	-0.1056299629	-0.03361572888
195	-0.002151984316	-1.469753135e-09
196	-0.102323327	0.03255384646
197	0.09651333822	0.1357490185
198	0.09501361729	-0.1336593344
199	-0.09771129597	-0.03107334591
200	-0.002059420394	2.01799725e-09
201	-0.09484709942	0.03015428677
202	0.08942453387	0.1258685635
203	0.08812174234	-0.1240518315
204	-0.090834432	-0.02886721018
205	-0.001973659807	5.806573653e-10
206	-0.08833197518	0.02806482987
207	0.08324651414	0.1172507027
208	0.08210553892	-0.1156583894
209	-0.08481247939	-0.02693680379
210	-0.001894055954	1.564486095e-09
211	-0.08260948331	0.02623097913
212	0.0778203734	0.1096758773
213	0.07681394355	-0.1082702809
214	-0.07950055499	-0.02523522579
215	-0.00182005772	1.161364388e-09
216	-0.0775482084	0.02461017242
217	0.07302192392	0.1029724111
218	0.07212851559	-0.101723784
219	-0.0747846405	-0.02372566234
220	-0.001751157145	-1.841401821e-10
221	-0.07304414583	0.02316878454
222	0.06875270132	0.09700414027
223	0.06795512529	-0.09588868211
224	-0.07057377741	-0.0223786382
225	-0.00168691697	-1.497167239e-09
226	-0.06901391093	0.02187985216
227	0.06493367186	0.0916616745
228	0.06421801908	-0.09066015704
229	-0.06679453494	-0.02117044256
230	-0.001626931647	8.656536592e-09
231	-0.06538988293	0.0207215776
232	0.06150065626	0.0868561847
233	0.06085557625	-0.08595286615
234	-0.06338697178	-0.02008173044
235	-0.001570857213	-1.715097368e-09
236	-0.06211665999	0.01967602719
237	0.05840104508	0.08251476832
238	0.05781715693	-0.08169663774
239	-0.06030171218	-0.01909654306
240	-0.00151836142	-2.149877693e-10
241	-0.05914841468	0.01872841555
242	0.05559126831	0.07857708658
243	0.05506079031	-0.07783337613
244	-0.05749768641	-0.01820165429
245	-0.001469173647	-2.619078959e-10
246	-0.05644692429	0.01786643587
247	0.05303499232	0.07499265692
248	0.05255137819	-0.07431431747
249	-0.05494049001	-0.01738595524
250	-0.001423024947	-1.897355575e-09
251	-0.05398006461	0.0170797041
252	0.05070164699	0.07171914988
253	0.05025937989	-0.07109849326
254	-0.05260107666	-0.01664009328
255	-0.001379687036	-2.613697553e-10
256	-0.05172063209	0.01635947541
257	0.04856534876	0.06872060727
258	0.04815973906	-0.06815110321
259	-0.05045475259	-0.0159561112
260	-0.001338953868	-2.166511179e-10
261	-0.04964545545	0.0156982881
262	0.04660404987	0.0659663755
263	0.04623107327	-0.06544249131
264	-0.04848041028	-0.01532720914
265	-0.00130062359	-1.716724541e-09
266	-0.04773467664	0.0150897417
267	0.04479883395	0.06343024059
268	0.04445505077	-0.06294712242
269	-0.04665989251	-0.01474755841
270	-0.001264538678	7.291434269e-09
271	-0.04597116536	0.01452832846
272	0.04313341341	0.06108947838
273	0.04281582641	-0.06064299931
274	-0.04497749846	-0.01421207229
275	-0.001230527881	-1.502382596e-09
276	-0.04434010295	0.01400928257
277	0.04159366609	0.05892448182
278	0.04129968976	-0.0585110288
279	-0.04341959393	-0.01371644561
280	-0.001198458954	-1.826616999e-10
281	-0.04282857037	0.01352845854
282	0.04016730969	0.05691809958
283	0.03989467343	-0.05653456125
284	-0.04197427453	-0.01325677846
285	-0.001168192463	1.160868883e-09
286	-0.04142528652	0.01308220566
287	0.03884359789	0.05505549977
288	0.03859032342	-0.05469903226
289	-0.04063110501	-0.0128297494
290	-0.001139616446	-2.125301443e-08
291	-0.04012034294	0.01266740383
292	0.03761311021	0.05332342713
293	0.03737744568	-0.05299164178
294	-0.03938090859	-0.01243244081
295	-0.001112613359	5.798231351e-10
296	-0.03890501272	0.01228118896
297	0.03646753388	0.0517103515
298	0.03624794869	-0.05140109203
299	-0.0382155778	-0.01206215457
300	-0.001087094982	2.01766167e-09
301	-0.03777156681	0.01192111211
302	0.03539953177	0.05020602592
303	0.03519465149	-0.04991738898
304	-0.03712792574	-0.01171668278
305	-0.001062959042	-1.469669998e-09
306	-0.03671316452	0.01158496489
307	0.03440258669	0.04880135925
308	0.03421120334	-0.04853165674
309	-0.03611157239	-0.01139395226
310	-0.001040128461	-1.37746417e-08
311	-0.0357236961	0.01127080959
312	0.03347090039	0.04748826392
313	0.03329192999	-0.04723598338
314	-0.03516081776	-0.0110921266
315	-0.001018523569	2.381569727e-09
316	-0.03479771922	0.01097688811
317	0.03259929936	0.04625950937
318	0.03243176809	-0.0460232999
319	-0.03427056635	-0.01080958706
320	-0.0009980663645	-5.973848296e-10
321	-0.03393037014	0.01070163866
322	0.03178315056	0.04510862768
323	0.0316262024	-0.04488729039
324	-0.03343625984	-0.01054486797
325	-0.000978703179	4.368015537e-09
326	-0.0331172572	0.01044369519
327	0.03101829992	0.04402983175
328	0.03087114681	-0.04382225424
329	-0.03265378092	-0.01029664537
330	-0.0009603618713	1.059525052e-09
331	-0.03235446694	0.01020171211
332	0.03030101298	0.04301788172
333	0.03016296252	-0.04282308784
334	-0.03191944602	-0.01006375941
335	-0.0009429974602	-8.803008228e-10
336	-0.03163843389	0.009974641057
337	0.02962792194	0.04206806423
338	0.02949833676	-0.04188516923
339	-0.03122991098	-0.009845112983
340	-0.0009265527575	-1.892004952e-09
341	-0.03096595927	0.009761427945
342	0.02899598577	0.04117616563
343	0.02887429163	-0.04100433957
344	-0.03058216002	-0.009639762384
345	-0.0009109796578	-8.529090753e-10
346	-0.03033413808	0.009561142805
347	0.02840244936	0.04033822087
348	0.02828812637	-0.04017680882
349	-0.02997345399	-0.009446825145
350	-0.0008962331845	1.706036817e-08
351	-0.02974034227	0.009372946984
352	0.02784481818	0.03955084996
353	0.02773739704	-0.03939915583
354	-0.0294013133	-0.009265506876
355	-0.0008822738235	3.205039817e-09
356	-0.029182174	0.009196073566
357	0.02732082212	0.03881083458
358	0.02721987282	-0.03866827434
359	-0.02886346867	-0.009095091696
360	-0.0008690606053	-1.927146598e-09
361	-0.02865747447	0.009029829763
362	0.02682840584	0.03811528993
363	0.0267335461	-0.03798129568
364	-0.02835787731	-0.008934923534
365	-0.0008565661138	-1.255539322e-09
366	-0.02816424708	0.008873592972
367	0.0263656921	0.03746161401
368	0.02627656311	-0.03733567971
369	-0.02788265937	-0.0087843993
370	-0.0008447524026	1.576074761e-08
371	-0.02770069089	0.008726764484
372	0.02593096971	0.03684737135
373	0.02584724772	-0.03672905803
374	-0.02743610698	-0.00864299544
375	-0.0008335900579	2.593778882e-09
376	-0.02726515217	0.008588836548
377	0.02552267445	0.03627038246
378	0.02544406339	-0.03615928287
379	-0.02701665175	-0.00851015198
380	-0.0008230519852	3.449899836e-09
381	-0.02685612811	0.008459324984
382	0.02513938442	0.03572866341
383	0.02506560782	-0.03562437235
384	-0.0266228666	-0.008385469044
385	-0.0008131067417	-8.0842704e-10
386	-0.02647224691	0.008337785305
387	0.02477979482	0.03522035076
388	0.02471061121	-0.03512255443
389	-0.0262534535	-0.00826851916
390	-0.000803735432	-5.021755929e-09
391	-0.0261122337	0.00822381667
392	0.02444270748	0.03474380311
393	0.02437789368	-0.03465216828
394	-0.02590720453	-0.008158890774
395	-0.0007949173368	9.535982064e-10
396	-0.02577494301	0.008117055133
397	0.02412703921	0.03429747953
398	0.02406638446	-0.03421174782
399	-0.0255830311	-0.008056312873
400	-0.0007866271268	-1.247451036e-09
401	-0.02545931824	0.008017159091
402	0.02383178717	0.03387997757
403	0.02377510894	-0.03379982215
404	-0.02527993081	-0.007960393453
405	-0.0007788540533	-1.908541596e-09
406	-0.02516438703	0.007923817304
407	0.02355604533	0.03349002076
408	0.02350316136	-0.03341522873
409	-0.02499699141	-0.007870857468
410	-0.0007715700059	-1.743949077e-08
411	-0.02488926138	0.007836770134
412	0.02329896642	0.03312642099
413	0.02324972099	-0.03305677192
414	-0.02473336046	-0.007787424635
415	-0.0007647628335	-6.056404562e-10
416	-0.0246331449	0.007755733327
417	0.02305979704	0.03278812168
418	0.02301404713	-0.03272342349
419	-0.02448828607	-0.007709900564
420	-0.0007584188592	3.819295016e-09
421	-0.02439528215	0.007680479453
422	0.0228378328	0.03247414347
423	0.02279544379	-0.03241417415
424	-0.02426105536	-0.007638009928
425	-0.0007525195194	2.612808414e-09
426	-0.02417501144	0.007610820703
427	0.02263243837	0.03218356173
428	0.02259329773	-0.03212818533
429	-0.02405103163	-0.007571573956
430	-0.0007470614424	-1.216303101e-08
431	-0.02397171755	0.0075464851
432	0.02244304669	0.03191560591
433	0.02240703963	-0.03186466035
434	-0.02385764967	-0.007510394204
435	-0.0007420252069	2.863974002e-09
436	-0.023784826	0.00748736882
437	0.02226911532	0.03166950959
438	0.02223614541	-0.03162284026
439	-0.02368035918	-0.007454328992
440	-0.0007374044969	-3.150580555e-09
441	-0.02361385217	0.0074332935
442	0.02211018625	0.03144461384
443	0.02208015921	-0.03140213229
444	-0.02351870709	-0.0074032005
445	-0.0007331845695	6.649123691e-10
446	-0.02345832117	0.007384113288
447	0.02196581513	0.03124032455
448	0.02193865551	-0.03120188835
449	-0.02337224891	-0.007356882461
450	-0.0007293621146	-1.026924601e-08
451	-0.02331782949	0.007339673063
452	0.02183562561	0.03105608083
453	0.02181125452	-0.03102159906
454	-0.02324060293	-0.007315271908
455	-0.0007259209674	-1.4139986e-09
456	-0.02319201835	0.007299881499
457	0.02171927007	0.0308914192
458	0.02169763587	-0.03086079732
459	-0.02312343263	-0.00727819711
460	-0.0007228680754	-4.523943167e-10
461	-0.02308054921	0.007264635329
462	0.02161645197	0.03074589726
463	0.0215974868	-0.03071905668
464	-0.02302043546	-0.007245624462
465	-0.0007201825199	6.917431696e-11
466	-0.02298314426	0.007233843413
467	0.02152689529	0.03061914841
468	0.02151055915	-0.0305960183
469	-0.02293134295	-0.007217455415
470	-0.0007178706001	1.218161289e-08
471	-0.02289955921	0.007207403166
472	0.02145038373	0.03051085268
473	0.0214366295	-0.03049137898
474	-0.02285594484	-0.00719360587
475	-0.0007159212334	1.24077916e-09
476	-0.02282956909	0.007185274281
477	0.02138670955	0.03042072273
478	0.0213755	-0.03040486629
479	-0.02279403465	-0.007174036545
480	-0.0007143278175	-7.836744563e-10
481	-0.02277301571	0.007167389674
482	0.02133571533	0.03034853171
483	0.02132702997	-0.03033624581
484	-0.02274546511	-0.007158682832
485	-0.0007130972954	-2.336081964e-09
486	-0.02272974958	0.007153723182
487	0.02129728059	0.03029413739
488	0.02129108766	-0.03028537623
489	-0.02271012247	-0.007147504333
490	-0.0007122141622	-1.006603147e-08
491	-0.02269965913	0.007144195706
492	0.02127129146	0.03025735546
493	0.02126758607	-0.03025210437
494	-0.02268790058	-0.007140510973
495	-0.0007116900213	-2.538703705e-09
496	-0.02268268267	0.007138831126
497	0.02125770407	0.0302381176
498	0.02125646738	-0.03023635519
499	-0.02267876577	-0.007137590829
500	-0.0007115124735	1.599209898e-12
501	-0.02267876577	0.007137590829
502	0.02125646738	0.03023635519
503	0.02125770407	-0.03023811759
504	-0.02268268267	-0.007138831126
505	-0.0007116900214	2.540262013e-09
506	-0.02268790058	0.007140510976
507	0.02126758607	0.03025210437
508	0.02127129146	-0.03025735546
509	-0.02269965913	-0.007144195704
510	-0.0007122141623	1.006707433e-08
511	-0.02271012247	0.007147504334
512	0.02129108766	0.03028537622
513	0.0212972806	-0.03029413739
514	-0.02272974958	-0.007153723181
515	-0.0007130972987	2.335440366e-09
516	-0.02274546511	0.007158682829
517	0.02132702997	0.03033624581
518	0.02133571533	-0.03034853171
519	-0.02277301571	-0.007167389676
520	-0.000714327818	7.856340491e-10
521	-0.02279403465	0.007174036545
522	0.0213755	0.03040486629
523	0.02138670955	-0.03042072273
524	-0.02282956909	-0.007185274287
525	-0.0007159212309	-1.239484379e-09
526	-0.02285594484	0.007193605872
527	0.0214366295	0.03049137898
528	0.02145038373	-0.03051085268
529	-0.02289955921	-0.007207403166
530	-0.0007178706023	-1.218552797e-08
531	-0.02293134295	0.007217455419
532	0.02151055915	0.0305960183
533	0.0215268953	-0.03061914842
534	-0.02298314426	-0.007233843411
535	-0.0007201825233	-6.843737897e-11
536	-0.02302043545	0.007245624457
537	0.02159748681	0.03071905668
538	0.02161645197	-0.03074589726
539	-0.02308054921	-0.007264635333
540	-0.0007228680705	4.5802648e-10
541	-0.02312343263	0.007278197109
542	0.02169763587	0.03086079731
543	0.02171927007	-0.03089141919
544	-0.02319201836	-0.007299881501
545	-0.0007259209578	1.417561899e-09
546	-0.02324060294	0.007315271929
547	0.02181125452	0.03102159906
548	0.02183562558	-0.03105608083
549	-0.02331782948	-0.007339673073
550	-0.0007293621168	1.027742869e-08
551	-0.02337224892	0.007356882453
552	0.02193865551	0.03120188835
553	0.02196581513	-0.03124032455
554	-0.02345832118	-0.007384113288
555	-0.0007331845593	-6.647608415e-10
556	-0.02351870708	0.007403200502
557	0.02208015921	0.03140213229
558	0.02211018625	-0.03144461384
559	-0.02361385217	-0.007433293501
560	-0.0007374044987	3.147855334e-09
561	-0.02368035918	0.007454328992
562	0.02223614541	0.03162284026
563	0.02226911532	-0.03166950958
564	-0.023784826	-0.007487368817
565	-0.0007420252087	-2.864293712e-09
566	-0.02385764968	0.007510394195
567	0.02240703963	0.03186466035
568	0.02244304669	-0.03191560591
569	-0.02397171756	-0.007546485092
570	-0.0007470614431	1.216274961e-08
571	-0.02405103163	0.007571573956
572	0.02259329772	0.03212818533
573	0.02263243837	-0.03218356173
574	-0.02417501145	-0.007610820701
575	-0.0007525195198	-2.611544345e-09
576	-0.02426105536	0.00763800993
577	0.0227954438	0.03241417415
578	0.02283783279	-0.03247414347
579	-0.02439528215	-0.007680479455
580	-0.0007584188591	-3.82289553e-09
581	-0.02448828607	0.00770990057
582	0.02301404713	0.03272342349
583	0.02305979704	-0.03278812169
584	-0.02463314489	-0.00775573333
585	-0.0007647628342	6.034411297e-10
586	-0.02473336046	0.007787424634
587	0.02324972099	0.03305677192
588	0.02329896642	-0.03312642099
589	-0.02488926138	-0.007836770134
590	-0.0007715700068	1.743911351e-08
591	-0.02499699141	0.007870857471
592	0.02350316136	0.03341522873
593	0.02355604533	-0.03349002076
594	-0.02516438703	-0.007923817305
595	-0.0007788540559	1.902734284e-09
596	-0.02527993081	0.007960393449
597	0.02377510894	0.03379982215
598	0.02383178718	-0.03387997757
599	-0.02545931824	-0.008017159091
600	-0.0007866271284	1.248534451e-09
601	-0.0255830311	0.008056312871
602	0.02406638446	0.03421174783
603	0.02412703922	-0.03429747953
604	-0.02577494301	-0.008117055133
605	-0.0007949173346	-9.527205542e-10
606	-0.02590720454	0.008158890776
607	0.02437789368	0.03465216828
608	0.02444270748	-0.03474380311
609	-0.0261122337	-0.00822381667
610	-0.0008037354306	5.020763121e-09
611	-0.02625345351	0.00826851916
612	0.02471061121	0.03512255443
613	0.02477979482	-0.03522035076
614	-0.02647224691	-0.008337785311
615	-0.0008131067398	8.10142349e-10
616	-0.0266228666	0.008385469039
617	0.02506560781	0.03562437235
618	0.02513938441	-0.03572866341
619	-0.0268561281	-0.008459324994
620	-0.0008230519773	-3.451198227e-09
621	-0.02701665175	0.008510151981
622	0.02544406339	0.03615928287
623	0.02552267445	-0.03627038246
624	-0.02726515217	-0.008588836552
625	-0.0008335900539	-2.594227707e-09
626	-0.02743610698	0.008642995442
627	0.02584724772	0.03672905803
628	0.02593096971	-0.03684737135
629	-0.02770069088	-0.008726764479
630	-0.0008447524064	-1.576683972e-08
631	-0.02788265936	0.008784399296
632	0.02627656312	0.03733567971
633	0.02636569209	-0.03746161401
634	-0.02816424708	-0.008873592973
635	-0.0008565661133	1.254109486e-09
636	-0.02835787731	0.00893492353
637	0.0267335461	0.03798129568
638	0.02682840585	-0.03811528993
639	-0.02865747447	-0.009029829766
640	-0.0008690606105	1.929254109e-09
641	-0.02886346866	0.009095091696
642	0.02721987281	0.03866827435
643	0.02732082212	-0.03881083459
644	-0.029182174	-0.009196073565
645	-0.0008822738256	-3.202174135e-09
646	-0.0294013133	0.009265506877
647	0.02773739704	0.03939915583
648	0.02784481818	-0.03955084996
649	-0.02974034228	-0.009372946986
650	-0.0008962331834	-1.706011679e-08
651	-0.02997345398	0.009446825143
652	0.02828812637	0.04017680882
653	0.02840244936	-0.04033822087
654	-0.03033413808	-0.009561142807
655	-0.0009109796624	8.618493987e-10
656	-0.03058216002	0.009639762381
657	0.02887429163	0.04100433957
658	0.02899598577	-0.04117616563
659	-0.03096595927	-0.009761427944
660	-0.0009265527573	1.8927256e-09
661	-0.03122991098	0.009845112981
662	0.02949833677	0.04188516922
663	0.02962792194	-0.04206806423
664	-0.03163843389	-0.009974641057
665	-0.0009429974573	8.828828301e-10
666	-0.03191944602	0.01006375941
667	0.03016296252	0.04282308784
668	0.03030101298	-0.04301788172
669	-0.03235446694	-0.01020171211
670	-0.0009603618711	-1.058236211e-09
671	-0.03265378091	0.01029664538
672	0.03087114682	0.04382225424
673	0.03101829992	-0.04402983176
674	-0.0331172572	-0.01044369519
675	-0.0009787031793	-4.368808592e-09
676	-0.03343625984	0.01054486797
677	0.03162620241	0.04488729039
678	0.03178315055	-0.04510862768
679	-0.03393037014	-0.01070163866
680	-0.0009980663651	5.969401615e-10
681	-0.03427056636	0.01080958706
682	0.03243176809	0.0460232999
683	0.03259929936	-0.04625950937
684	-0.03479771922	-0.0109768881
685	-0.001018523572	-2.395905948e-09
686	-0.03516081776	0.0110921266
687	0.03329192999	0.04723598339
688	0.0334709004	-0.04748826392
689	-0.0357236961	-0.01127080959
690	-0.001040128463	1.377449132e-08
691	-0.03611157238	0.01139395226
692	0.03421120334	0.04853165673
693	0.03440258669	-0.04880135925
694	-0.03671316452	-0.01158496489
695	-0.001062959043	1.469826329e-09
696	-0.03712792574	0.01171668278
697	0.0351946515	0.04991738898
698	0.03539953177	-0.05020602592
699	-0.03777156681	-0.01192111211
700	-0.001087094982	-2.015981076e-09
701	-0.0382155778	0.01206215456
702	0.03624794869	0.05140109202
703	0.03646753389	-0.0517103515
704	-0.03890501272	-0.01228118896
705	-0.001112613361	-5.781483271e-10
706	-0.0393809086	0.01243244081
707	0.03737744568	0.05299164178
708	0.03761311021	-0.05332342713
709	-0.04012034294	-0.01266740383
710	-0.001139616445	2.125429967e-08
711	-0.040631105	0.0128297494
712	0.03859032342	0.05469903226
713	0.03884359789	-0.05505549977
714	-0.04142528652	-0.01308220567
715	-0.001168192463	-1.161000385e-09
716	-0.04197427453	0.01325677846
717	0.03989467344	0.05653456125
718	0.04016730969	-0.05691809958
719	-0.04282857037	-0.01352845855
720	-0.001198458954	1.960815659e-10
721	-0.04341959394	0.01371644561
722	0.04129968976	0.05851102879
723	0.0415936661	-0.05892448182
724	-0.04434010296	-0.01400928257
725	-0.001230527884	1.484477795e-09
726	-0.04497749844	0.01421207228
727	0.04281582642	0.06064299933
728	0.0431334134	-0.06108947836
729	-0.04597116536	-0.01452832847
730	-0.001264538668	-7.287598698e-09
731	-0.04665989253	0.01474755842
732	0.04445505076	0.06294712242
733	0.04479883395	-0.06343024059
734	-0.04773467664	-0.0150897417
735	-0.001300623588	1.710218601e-09
736	-0.04848041028	0.01532720914
737	0.04623107326	0.06544249131
738	0.04660404987	-0.0659663755
739	-0.04964545544	-0.0156982881
740	-0.001338953867	2.157235276e-10
741	-0.05045475259	0.0159561112
742	0.04815973906	0.06815110322
743	0.04856534876	-0.06872060727
744	-0.05172063209	-0.01635947541
745	-0.001379687036	2.65836996e-10
746	-0.05260107666	0.01664009328
747	0.05025937989	0.07109849326
748	0.05070164698	-0.07171914988
749	-0.05398006461	-0.0170797041
750	-0.001423024947	1.899170142e-09
751	-0.05494049001	0.01738595524
752	0.05255137819	0.07431431747
753	0.05303499233	-0.07499265692
754	-0.0564469243	-0.01786643587
755	-0.001469173641	2.592795455e-10
756	-0.05749768641	0.01820165429
757	0.05506079029	0.07783337614
758	0.05559126831	-0.07857708658
759	-0.05914841468	-0.01872841555
760	-0.001518361422	2.081017047e-10
761	-0.06030171218	0.01909654306
762	0.05781715693	0.08169663774
763	0.05840104508	-0.08251476832
764	-0.06211665999	-0.01967602719
765	-0.001570857214	1.714901379e-09
766	-0.06338697177	0.02008173044
767	0.06085557626	0.08595286615
768	0.06150065626	-0.0868561847
769	-0.06538988293	-0.0207215776
770	-0.001626931647	-8.64765952e-09
771	-0.06679453494	0.02117044257
772	0.06421801907	0.09066015703
773	0.06493367186	-0.0916616745
774	-0.06901391093	-0.02187985216
775	-0.001686916969	1.495732291e-09
776	-0.0705737774	0.0223786382
777	0.06795512529	0.09588868211
778	0.06875270131	-0.09700414027
779	-0.07304414583	-0.02316878454
780	-0.001751157147	1.840108149e-10
781	-0.07478464051	0.02372566234
782	0.07212851559	0.101723784
783	0.07302192392	-0.1029724111
784	-0.0775482084	-0.02461017242
785	-0.001820057721	-1.162730411e-09
786	-0.079500555	0.0252352258
787	0.07681394355	0.1082702809
788	0.0778203734	-0.1096758773
789	-0.08260948331	-0.02623097913
790	-0.001894055952	-1.56747901e-09
791	-0.08481247939	0.02693680379
792	0.08210553892	0.1156583894
793	0.08324651414	-0.1172507027
794	-0.08833197517	-0.02806482987
795	-0.001973659808	-5.785857488e-10
796	-0.090834432	0.02886721018
797	0.08812174234	0.1240518315
798	0.08942453388	-0.1258685635
799	-0.09484709942	-0.03015428677
800	-0.002059420395	-2.015481527e-09
801	-0.09771129597	0.03107334591
802	0.09501361729	0.1336593344
803	0.09651333821	-0.1357490185
804	-0.102323327	-0.03255384646
805	-0.002151984316	1.474967593e-09
806	-0.1056299629	0.03361572888
807	0.1029768942	0.144751284
808	0.1047194723	-0.14717728
809	-0.110980202	-0.03533462419
810	-0.002252065335	-1.64071608e-08
811	-0.1148357823	0.03657384721
812	0.1122697102	0.1576839475
813	0.1143164164	-0.1605308347
814	-0.1211092885	-0.03859112158
815	-0.002360485406	-2.380449967e-09
816	-0.1256572775	0.04005415565
817	0.1232395447	0.1729368076
818	0.1256739468	-0.1763198561
819	-0.1331062908	-0.04245155282
820	-0.002478186471	6.053938553e-10
821	-0.1385446469	0.04420263469
822	0.1363654151	0.1911705236
823	0.1393044689	-0.19525101
824	-0.1475220752	-0.04709462168
825	-0.002606227328	-4.368272418e-09
826	-0.1541318605	0.04922489868
827	0.1523264372	0.2133213747
828	0.155939011	-0.2183320655
829	-0.1651470063	-0.0527767343
830	-0.002745850184	-3.844417777e-08
831	-0.1733409603	0.05542015177
832	0.1721182464	0.2407615303
833	0.1766573473	-0.247051064
834	-0.1871568798	-0.05987947006
835	-0.002898464106	8.839777608e-10
836	-0.1975667761	0.06324110185
837	0.197261346	0.2755858648
838	0.2031238527	-0.2837009313
839	-0.2153805865	-0.06899655944
840	-0.003065719977	1.887608097e-09
841	-0.2290243988	0.07340693347
842	0.2301988806	0.3211595164
843	0.238044306	-0.3320083611
844	-0.2528266634	-0.08110493233
845	-0.003249533195	8.548399214e-10
846	-0.2714562464	0.08713299403
847	0.2751206427	0.3832519317
848	0.2861304216	-0.3984613386
849	-0.3048174478	-0.09793321617
850	-0.003452144118	-8.13894166e-09
851	-0.3317228276	0.1066476381
852	0.3398619106	0.4726508418
853	0.3563796527	-0.4954472014
854	-0.3817433471	-0.1228566012
855	-0.00367618368	-3.204480556e-09
856	-0.4239052305	0.1365252129
857	0.4409671383	0.61213157
858	0.468378326	-0.649928209
859	-0.5069813275	-0.1634698347
860	-0.003924765705	1.932617937e-09
861	-0.582198446	0.1878752997
862	0.6204392068	0.8595107103
863	0.6743627135	-0.9338061959
864	-0.7464089758	-0.2411765895
865	-0.004201579877	1.255054658e-09
866	-0.9167823895	0.2964962562
867	1.025298807	1.417150323
868	1.175828206	-1.624421407
869	-1.385488701	-0.4487278746
870	-0.004511053546	1.289190801e-09
871	-2.0887243	0.6771804053
872	2.782738706	3.836504735
873	4.189277242	-5.77253453
874	-8.418872966	-2.733902706
875	-0.004858509733	9.486832978
876	8.462188227	-2.751134492
877	-4.252038558	-5.84553397
878	-2.845514133	3.909511381
879	2.132028631	0.6944173218
880	-0.005250403209	-3.453476449e-09
881	1.428778325	-0.4659715989
882	-1.238716898	-1.697485748
883	-1.08823014	1.490236309
884	0.9600384374	0.3137553258
885	-0.005694628555	8.087198154e-10
886	0.789634575	-0.2584493078
887	-0.7375231014	-1.007007842
888	-0.6836717265	0.9327485567
889	0.625365421	0.2051736486
890	-0.006200902651	4.403837886e-08
891	0.5500999204	-0.180788743
892	-0.5319608728	-0.7233402774
893	-0.5046529743	0.6855945729
894	0.466935947	0.1538802235
895	-0.006781314753	-9.552099317e-10
896	0.4247042952	-0.1402391954
897	-0.4205447194	-0.5691438368
898	-0.4041638896	0.5464134116
899	0.3745603265	0.1240768979
900	-0.007451057074	1.248131519e-09
901	0.3475587368	-0.1153972004
902	-0.3510526302	-0.4725181265
903	-0.340216863	0.4573899748
904	0.3140295555	0.1046545278
905	-0.008229408272	1.897958989e-09
906	0.2952703039	-0.0986685057
907	-0.3039180077	-0.4065027214
908	-0.2962884016	0.3957508369
909	0.2712431777	0.09103921888
910	-0.009141168609	1.116824421e-08
911	0.2574265977	-0.08667844255
912	-0.2701700627	-0.3587125339
913	-0.2645715403	0.3507107009
914	0.2393141528	0.08100319978
915	-0.01021862384	6.098157641e-10
916	0.2286752626	-0.07769895583
917	-0.2451329923	-0.3226622735
918	-0.2409146	0.3165028204
919	0.214463841	0.07333176445
920	-0.01150446001	-3.821889747e-09
921	0.2059666199	-0.07075385912
922	-0.226149472	-0.2946284668
923	-0.2229259372	0.2897653806
924	0.1944272909	0.0673065813
925	-0.01305605919	-2.61089661e-09
926	0.1874150136	-0.06525027532
927	-0.2116212074	-0.2723218621
928	-0.2091554643	0.2684073422
929	0.1777403509	0.0624758473
930	-0.01495199096	1.904397582e-08
931	0.1717651657	-0.06080762498
932	-0.2005598299	-0.2542587608
933	-0.1987053064	0.2510609773
934	0.1633829464	0.05854145959
935	-0.01730218962	-2.861716592e-09
936	0.1581135093	-0.05717060075
937	-0.1923633029	-0.2394363276
938	-0.1910349047	0.2367950698
939	0.1505796829	0.05529898579
940	-0.02026422249	3.148181588e-09
941	0.1457443493	-0.05416186994
942	-0.1867057022	-0.227153531
943	-0.1858666719	0.2249547755
944	0.138671233	0.05260390427
945	-0.0240704244	-6.66618578e-10
946	0.1340154057	-0.05165464865
947	-0.1834948517	-0.216906732
948	-0.18315494	0.2150672709
949	0.1270103389	0.05035134048
950	-0.02907485931	-4.163489406e-09
951	0.1222542085	-0.0495561144
952	-0.1828853912	-0.2083257467
953	-0.1831106755	0.206783782
954	0.1148480018	0.04846367498
955	-0.03583876032	1.410441816e-09
956	0.1096291473	-0.04779713362
957	-0.1853596068	-0.2011337637
958	-0.1863002321	0.1998426119
959	0.1011652893	0.04688240473
960	-0.04529497501	4.565422401e-10
961	0.0949396293	-0.04632536386
962	-0.1919261258	-0.195120805
963	-0.1938794533	0.1940448374
964	0.08436503423	0.04556309929
965	-0.05908777694	-6.959384751e-11
966	0.07620552597	-0.04510078656
967	-0.2045719187	-0.1901261208
968	-0.2081287113	0.1892379397
969	0.06161486528	0.04447157629
970	-0.08033902124	1.381884278e-08
971	0.04974469785	-0.04409263332
972	-0.2273465188	-0.1860260152
973	-0.2337597989	0.1853045429
974	0.02724876694	0.04358152476
975	-0.1155835196	-1.241170253e-09
976	0.007797720652	-0.04327723965
977	-0.2692736147	-0.1827253965
978	-0.2815293215	0.1821544702
979	-0.03176074505	0.04287280758
980	-0.1804655742	7.89036482e-10
981	-0.068714455	-0.04263652568
982	-0.3536292731	-0.1801518657
983	-0.3802618786	0.1797193526
984	-0.1515650847	0.04233014824
985	-0.3206429893	2.338190353e-09
986	-0.2383042031	-0.04215691452
987	-0.5563201294	-0.178251397
988	-0.6301582788	0.1779484428
989	-0.4669477408	0.0419423355
990	-0.7211500786	2.030112392e-09
991	-0.7615175107	-0.04182872246
992	-1.255251058	-0.176985532
993	-1.599945073	0.1768060878
994	-1.874428555	0.04170160059
995	-2.88388862	2.546813023e-09
996	-4.377771343	-0.04164535244
997	-8.138490777	-0.1763292678
998	-18.1511262	118.7616821
999	-71.96348153	0.04160325016
